    2                     Nmat


  'MATERIAL 1'                                   Aluminum
    1                  plasticity
    1                  Id
      72400  72400  27218             EA,ET,GA
        0.33E+00    0.33E+00                     NUA,NUT
      22.5E-06   22.5E-06                     ALFA,ALFT
      85   2000                    Y,Hp


  'MATERIAL 2'                                   Boron
    1                  plasticity
    1                  Id
      400000  400000  160000
        0.2E+00    0.2E+00
        4.9E-06    4.9E-06
        1.00E+10    0.00E+00


	159	211		Nbeta	Ngama

       0         Ind (0: user-supplied geometry, 8: specify vf)

1    	0.000348346
2    	0.000348346
3    	0.000348346
4    	0.000348346
5    	0.000348346
6    	0.000348346
7    	0.000348346
8    	0.000348346
9    	0.000348346
10   	0.000348346
11   	0.000348346
12   	0.000348346
13   	0.000348346
14   	0.000348346
15   	0.000348346
16   	0.000348346
17   	0.000348346
18   	0.000348346
19   	0.000348346
20   	0.000348346
21   	0.000348346
22   	0.000348346
23   	0.000348346
24   	0.000348346
25   	0.000348346
26   	0.000348346
27   	0.000348346
28   	0.000348346
29   	0.000348346
30   	0.000348346
31   	0.000348346
32   	0.000348346
33   	0.000348346
34   	0.000348346
35   	0.000348346
36   	0.000348346
37   	0.000348346
38   	0.000348346
39   	0.000348346
40   	0.000348346
41   	0.000348346
42   	0.000348346
43   	0.000348346
44   	0.000348346
45   	0.000348346
46   	0.000348346
47   	0.000348346
48   	0.000348346
49   	0.000348346
50   	0.000348346
51   	0.000348346
52   	0.000348346
53   	0.000348346
54   	0.000348346
55   	0.000348346
56   	0.000348346
57   	0.000348346
58   	0.000348346
59   	0.000348346
60   	0.000348346
61   	0.000348346
62   	0.000348346
63   	0.000348346
64   	0.000348346
65   	0.000348346
66   	0.000348346
67   	0.000348346
68   	0.000348346
69   	0.000348346
70   	0.000348346
71   	0.000348346
72   	0.000348346
73   	0.000348346
74   	0.000348346
75   	0.000348346
76   	0.000348346
77   	0.000348346
78   	0.000348346
79   	0.000348346
80   	0.000348346
81   	0.000348346
82   	0.000348346
83   	0.000348346
84   	0.000348346
85   	0.000348346
86   	0.000348346
87   	0.000348346
88   	0.000348346
89   	0.000348346
90   	0.000348346
91   	0.000348346
92   	0.000348346
93   	0.000348346
94   	0.000348346
95   	0.000348346
96   	0.000348346
97   	0.000348346
98   	0.000348346
99   	0.000348346
100  	0.000348346
101  	0.000348346
102  	0.000348346
103  	0.000348346
104  	0.000348346
105  	0.000348346
106  	0.000348346
107  	0.000348346
108  	0.000348346
109  	0.000348346
110  	0.000348346
111  	0.000348346
112  	0.000348346
113  	0.000348346
114  	0.000348346
115  	0.000348346
116  	0.000348346
117  	0.000348346
118  	0.000348346
119  	0.000348346
120  	0.000348346
121  	0.000348346
122  	0.000348346
123  	0.000348346
124  	0.000348346
125  	0.000348346
126  	0.000348346
127  	0.000348346
128  	0.000348346
129  	0.000348346
130  	0.000348346
131  	0.000348346
132  	0.000348346
133  	0.000348346
134  	0.000348346
135  	0.000348346
136  	0.000348346
137  	0.000348346
138  	0.000348346
139  	0.000348346
140  	0.000348346
141  	0.000348346
142  	0.000348346
143  	0.000348346
144  	0.000348346
145  	0.000348346
146  	0.000348346
147  	0.000348346
148  	0.000348346
149  	0.000348346
150  	0.000348346
151  	0.000348346
152  	0.000348346
153  	0.000348346
154  	0.000348346
155  	0.000348346
156  	0.000348346
157  	0.000348346
158  	0.000348346
159  	0.000348346

0.000348204	0.000348204	0.000348204	0.000348204	0.000348204
0.000348204	0.000348204	0.000348204	0.000348204	0.000348204
0.000348204	0.000348204	0.000348204	0.000348204	0.000348204
0.000348204	0.000348204	0.000348204	0.000348204	0.000348204
0.000348204	0.000348204	0.000348204	0.000348204	0.000348204
0.000348204	0.000348204	0.000348204	0.000348204	0.000348204
0.000348204	0.000348204	0.000348204	0.000348204	0.000348204
0.000348204	0.000348204	0.000348204	0.000348204	0.000348204
0.000348204	0.000348204	0.000348204	0.000348204	0.000348204
0.000348204	0.000348204	0.000348204	0.000348204	0.000348204
0.000348204	0.000348204	0.000348204	0.000348204	0.000348204
0.000348204	0.000348204	0.000348204	0.000348204	0.000348204
0.000348204	0.000348204	0.000348204	0.000348204	0.000348204
0.000348204	0.000348204	0.000348204	0.000348204	0.000348204
0.000348204	0.000348204	0.000348204	0.000348204	0.000348204
0.000348204	0.000348204	0.000348204	0.000348204	0.000348204
0.000348204	0.000348204	0.000348204	0.000348204	0.000348204
0.000348204	0.000348204	0.000348204	0.000348204	0.000348204
0.000348204	0.000348204	0.000348204	0.000348204	0.000348204
0.000348204	0.000348204	0.000348204	0.000348204	0.000348204
0.000348204	0.000348204	0.000348204	0.000348204	0.000348204
0.000348204	0.000348204	0.000348204	0.000348204	0.000348204
0.000348204	0.000348204	0.000348204	0.000348204	0.000348204
0.000348204	0.000348204	0.000348204	0.000348204	0.000348204
0.000348204	0.000348204	0.000348204	0.000348204	0.000348204
0.000348204	0.000348204	0.000348204	0.000348204	0.000348204
0.000348204	0.000348204	0.000348204	0.000348204	0.000348204
0.000348204	0.000348204	0.000348204	0.000348204	0.000348204
0.000348204	0.000348204	0.000348204	0.000348204	0.000348204
0.000348204	0.000348204	0.000348204	0.000348204	0.000348204
0.000348204	0.000348204	0.000348204	0.000348204	0.000348204
0.000348204	0.000348204	0.000348204	0.000348204	0.000348204
0.000348204	0.000348204	0.000348204	0.000348204	0.000348204
0.000348204	0.000348204	0.000348204	0.000348204	0.000348204
0.000348204	0.000348204	0.000348204	0.000348204	0.000348204
0.000348204	0.000348204	0.000348204	0.000348204	0.000348204
0.000348204	0.000348204	0.000348204	0.000348204	0.000348204
0.000348204	0.000348204	0.000348204	0.000348204	0.000348204
0.000348204	0.000348204	0.000348204	0.000348204	0.000348204
0.000348204	0.000348204	0.000348204	0.000348204	0.000348204
0.000348204	0.000348204	0.000348204	0.000348204	0.000348204
0.000348204	0.000348204	0.000348204	0.000348204	0.000348204
0.000348204
