0
0.000348346
0.000696692
0.00104504
0.00139338
0.00174173
0.00209008
0.00243842
0.00278677
0.00313511
0.00348346
0.00383181
0.00418015
0.0045285
0.00487684
0.00522519
0.00557354
0.00592188
0.00627023
0.00661857
0.00696692
0.00731527
0.00766361
0.00801196
0.0083603
0.00870865
0.009057
0.00940534
0.00975369
0.010102
0.0104504
0.0107987
0.0111471
0.0114954
0.0118438
0.0121921
0.0125405
0.0128888
0.0132371
0.0135855
0.0139338
0.0142822
0.0146305
0.0149789
0.0153272
0.0156756
0.0160239
0.0163723
0.0167206
0.017069
0.0174173
0.0177656
0.018114
0.0184623
0.0188107
0.019159
0.0195074
0.0198557
0.0202041
0.0205524
0.0209008
0.0212491
0.0215975
0.0219458
0.0222941
0.0226425
0.0229908
0.0233392
0.0236875
0.0240359
0.0243842
0.0247326
0.0250809
0.0254293
0.0257776
0.0261259
0.0264743
0.0268226
0.027171
0.0275193
0.0278677
0.028216
0.0285644
0.0289127
0.0292611
0.0296094
0.0299578
0.0303061
0.0306544
0.0310028
0.0313511
0.0316995
0.0320478
0.0323962
0.0327445
0.0330929
0.0334412
0.0337896
0.0341379
0.0344863
0.0348346
0.0351829
0.0355313
0.0358796
0.036228
0.0365763
0.0369247
0.037273
0.0376214
0.0379697
0.0383181
0.0386664
0.0390148
0.0393631
0.0397114
0.0400598
0.0404081
0.0407565
0.0411048
0.0414532
0.0418015
0.0421499
0.0424982
0.0428466
0.0431949
0.0435432
0.0438916
0.0442399
0.0445883
0.0449366
0.045285
0.0456333
0.0459817
0.04633
0.0466784
0.0470267
0.0473751
0.0477234
0.0480717
0.0484201
0.0487684
0.0491168
0.0494651
0.0498135
0.0501618
0.0505102
0.0508585
0.0512069
0.0515552
0.0519036
0.0522519
0.0526002
0.0529486
0.0532969
0.0536453
0.0539936
0.054342
0.0546903
0.0550387
0.055387
0.0557354
0.0560837
0.0564321
0.0567804
0.0571287
0.0574771
0.0578254
0.0581738
0.0585221
0.0588705
0.0592188
0.0595672
0.0599155
0.0602639
0.0606122
0.0609605
0.0613089
0.0616572
0.0620056
0.0623539
0.0627023
0.0630506
0.063399
0.0637473
0.0640957
0.064444
0.0647924
0.0651407
0.065489
0.0658374
0.0661857
0.0665341
0.0668824
0.0672308
0.0675791
0.0679275
0.0682758
0.0686242
0.0689725
0.0693209
0.0696692
